p P_flow <d_min> <s_max> s_ave 
0.53 2671 3.1945 26.8633 6.821264192944992 
0.545 3131 3.7095 29.5922 7.630608178395369 
0.56 3835 4.5087 32.2385 8.559749725212852 
0.5750000000000001 4468 5.2194 35.3381 9.742153620465748 
0.5900000000000001 5149 5.9552 38.3035 11.026967455403772 
0.6050000000000001 5802 6.6538 41.4135 12.619086371618561 
0.6200000000000001 6526 7.3909 44.8889 14.73692731573983 
0.6350000000000001 7129 7.9979 47.9557 16.8156524005161 
0.6500000000000001 7699 8.5012 51.4612 19.230289073051157 
